acqcycles 1 1 9.99999984307e+17 -9.99999984307e+17 0 2 1 0 1 64
1 512 
0 
acqdim 7 1 32767 0 0 2 1 0 1 64
1 2 
0 
ACQtime 7 1 100000000 0 1 2 1 256 1 64
1 2053 
0 
arraydim 7 1 32768 1 1 2 1 5 1 64
1 512 
0 
at 1 1 14 14 14 2 1 8203 1 64
1 0.425984 
0 
fn 7 1 524288 64 -2 3 1 1 1 64
1 32768 
0 
fn1 7 1 524288 64 -2 3 1 1 1 64
1 32768 
0 
gf 1 1 100000 0 0 3 1 1 1 64
1 0.196804608 
0 
gf1 1 1 100000 0 0 3 1 1 1 64
1 0.024552528 
0 
lpext1 7 1 1000000 0 1 3 1 0 1 64
1 256 
0 
lpnupts1 7 1 1000000 1 1 3 1 0 1 64
1 256 
0 
mixN 3 1 14 14 14 2 1 8192 1 64
1 0.5 
0 
ni 7 1 32767 0 0 2 1 0 1 64
1 256 
0 
np 7 1 524288 32 2 2 1 11 1 64
1 8192 
0 
nt 7 1 1000000000 1 1 2 1 2 1 64
1 2 
0 
strtext1 7 1 1000000 1 1 3 1 0 1 64
1 257 
0 
strtlp1 7 1 1000000 1 1 3 1 0 1 64
1 256 
0 
time_saved 2 2 8 0 0 4 1 0 1 64
1 "20210104T151423"
0 
REQexp 2 2 8 0 0 4 1 256 1 64
1 "wet1D PRESAT PROTON"
0 
