##TITLE= /u/exp/stan/nmr/lists/wave.dexam/Crp60,0.5,20.1
##JCAMP-DX= 5.00 Bruker JCAMP library
##DATA TYPE= Shape Data
##ORIGIN= Bruker Analytik GmbH
##OWNER= <demo>
##DATE= 01/05/08
##TIME= 12:54:55
##$SHAPE_PARAMETERS= Type: SmoothedChirp ; Total Sweep-Width (in Hz): 60000 ; Length of Pulse (in usec): 500 ; % to be smoothed: 20 ; 1=High to low field; -1=Low to high field: -1 ; smoothing: 0 
##MINX= 0.000000e+00
##MAXX= 1.000000e+02
##MINY= 1.350000e-03
##MAXY= 3.580537e+02
##$SHAPE_EXMODE= Adiabatic
##$SHAPE_TOTROT= 1.800000e+02
##$SHAPE_BWFAC= 2.143200e+01
##$SHAPE_INTEGFAC= 1.023327e-01
##$SHAPE_MODE= 0
##NPOINTS= 1000
##XYPOINTS= (XY..XY)
0.000000e+00, 2.673013e+02
7.893367e-01, 2.619122e+02
1.578624e+00, 2.565338e+02
2.367813e+00, 2.511662e+02
3.156855e+00, 2.458093e+02
3.945700e+00, 2.404633e+02
4.734299e+00, 2.351282e+02
5.522603e+00, 2.298037e+02
6.310563e+00, 2.244901e+02
7.098130e+00, 2.191873e+02
7.885255e+00, 2.138954e+02
8.671888e+00, 2.086142e+02
9.457981e+00, 2.033437e+02
1.024348e+01, 1.980841e+02
1.102835e+01, 1.928353e+02
1.181253e+01, 1.875973e+02
1.259597e+01, 1.823701e+02
1.337863e+01, 1.771537e+02
1.416045e+01, 1.719481e+02
1.494139e+01, 1.667533e+02
1.572140e+01, 1.615693e+02
1.650044e+01, 1.563961e+02
1.727844e+01, 1.512337e+02
1.805537e+01, 1.460821e+02
1.883117e+01, 1.409413e+02
1.960579e+01, 1.358113e+02
2.037920e+01, 1.306921e+02
2.115134e+01, 1.255838e+02
2.192216e+01, 1.204861e+02
2.269161e+01, 1.153994e+02
2.345965e+01, 1.103233e+02
2.422623e+01, 1.052581e+02
2.499130e+01, 1.002037e+02
2.575481e+01, 9.516015e+01
2.651671e+01, 9.012735e+01
2.727697e+01, 8.510535e+01
2.803552e+01, 8.009415e+01
2.879233e+01, 7.509375e+01
2.954734e+01, 7.010415e+01
3.030052e+01, 6.512535e+01
3.105180e+01, 6.015735e+01
3.180115e+01, 5.520015e+01
3.254852e+01, 5.025375e+01
3.329386e+01, 4.531815e+01
3.403713e+01, 4.039335e+01
3.477828e+01, 3.547935e+01
3.551726e+01, 3.057615e+01
3.625402e+01, 2.568375e+01
3.698853e+01, 2.080215e+01
3.772073e+01, 1.593135e+01
3.845058e+01, 1.107135e+01
3.917804e+01, 6.222150e+00
3.990306e+01, 1.383750e+00
4.062559e+01, 3.565561e+02
4.134558e+01, 3.517394e+02
4.206301e+01, 3.469333e+02
4.277781e+01, 3.421381e+02
4.348994e+01, 3.373537e+02
4.419937e+01, 3.325802e+02
4.490604e+01, 3.278174e+02
4.560992e+01, 3.230654e+02
4.631095e+01, 3.183241e+02
4.700910e+01, 3.135937e+02
4.770431e+01, 3.088741e+02
4.839656e+01, 3.041653e+02
4.908579e+01, 2.994674e+02
4.977196e+01, 2.947801e+02
5.045503e+01, 2.901038e+02
5.113496e+01, 2.854381e+02
5.181170e+01, 2.807834e+02
5.248522e+01, 2.761393e+02
5.315546e+01, 2.715062e+02
5.382239e+01, 2.668837e+02
5.448597e+01, 2.622721e+02
5.514615e+01, 2.576713e+02
5.580290e+01, 2.530813e+02
5.645617e+01, 2.485021e+02
5.710592e+01, 2.439337e+02
5.775212e+01, 2.393761e+02
5.839471e+01, 2.348293e+02
5.903367e+01, 2.302934e+02
5.966895e+01, 2.257681e+02
6.030051e+01, 2.212537e+02
6.092832e+01, 2.167501e+02
6.155232e+01, 2.122573e+02
6.217250e+01, 2.077754e+02
6.278880e+01, 2.033041e+02
6.340118e+01, 1.988438e+02
6.400962e+01, 1.943941e+02
6.461407e+01, 1.899553e+02
6.521449e+01, 1.855274e+02
6.581085e+01, 1.811101e+02
6.640311e+01, 1.767037e+02
6.699124e+01, 1.723081e+02
6.757518e+01, 1.679233e+02
6.815492e+01, 1.635493e+02
6.873041e+01, 1.591861e+02
6.930162e+01, 1.548337e+02
6.986851e+01, 1.504922e+02
7.043105e+01, 1.461613e+02
7.098920e+01, 1.418414e+02
7.154293e+01, 1.375321e+02
7.209220e+01, 1.332337e+02
7.263698e+01, 1.289461e+02
7.317723e+01, 1.246693e+02
7.371292e+01, 1.204033e+02
7.424402e+01, 1.161481e+02
7.477049e+01, 1.119038e+02
7.529231e+01, 1.076701e+02
7.580943e+01, 1.034473e+02
7.632183e+01, 9.923535e+01
7.682948e+01, 9.503415e+01
7.733233e+01, 9.084375e+01
7.783037e+01, 8.666415e+01
7.832356e+01, 8.249535e+01
7.881187e+01, 7.833735e+01
7.929527e+01, 7.419015e+01
7.977373e+01, 7.005375e+01
8.024722e+01, 6.592815e+01
8.071571e+01, 6.181335e+01
8.117917e+01, 5.770935e+01
8.163757e+01, 5.361615e+01
8.209089e+01, 4.953375e+01
8.253909e+01, 4.546215e+01
8.298215e+01, 4.140135e+01
8.342003e+01, 3.735135e+01
8.385272e+01, 3.331215e+01
8.428019e+01, 2.928375e+01
8.470240e+01, 2.526615e+01
8.511934e+01, 2.125935e+01
8.553097e+01, 1.726335e+01
8.593728e+01, 1.327815e+01
8.633823e+01, 9.303750e+00
8.673380e+01, 5.340150e+00
8.712396e+01, 1.387350e+00
8.750870e+01, 3.574453e+02
8.788799e+01, 3.535141e+02
8.826180e+01, 3.495938e+02
8.863011e+01, 3.456842e+02
8.899290e+01, 3.417853e+02
8.935014e+01, 3.378973e+02
8.970182e+01, 3.340202e+02
9.004790e+01, 3.301537e+02
9.038838e+01, 3.262981e+02
9.072323e+01, 3.224533e+02
9.105242e+01, 3.186193e+02
9.137594e+01, 3.147962e+02
9.169376e+01, 3.109837e+02
9.200588e+01, 3.071821e+02
9.231226e+01, 3.033913e+02
9.261288e+01, 2.996114e+02
9.290774e+01, 2.958421e+02
9.319681e+01, 2.920838e+02
9.348008e+01, 2.883361e+02
9.375751e+01, 2.845993e+02
9.402911e+01, 2.808733e+02
9.429485e+01, 2.771581e+02
9.455471e+01, 2.734537e+02
9.480868e+01, 2.697602e+02
9.505675e+01, 2.660774e+02
9.529889e+01, 2.624053e+02
9.553510e+01, 2.587441e+02
9.576535e+01, 2.550937e+02
9.598963e+01, 2.514542e+02
9.620794e+01, 2.478253e+02
9.642025e+01, 2.442074e+02
9.662655e+01, 2.406001e+02
9.682683e+01, 2.370037e+02
9.702108e+01, 2.334181e+02
9.720928e+01, 2.298433e+02
9.739143e+01, 2.262794e+02
9.756751e+01, 2.227261e+02
9.773751e+01, 2.191837e+02
9.790142e+01, 2.156521e+02
9.805923e+01, 2.121313e+02
9.821093e+01, 2.086213e+02
9.835651e+01, 2.051222e+02
9.849597e+01, 2.016337e+02
9.862928e+01, 1.981562e+02
9.875646e+01, 1.946893e+02
9.887747e+01, 1.912333e+02
9.899233e+01, 1.877881e+02
9.910102e+01, 1.843537e+02
9.920354e+01, 1.809301e+02
9.929987e+01, 1.775173e+02
9.939002e+01, 1.741154e+02
9.947397e+01, 1.707241e+02
9.955173e+01, 1.673438e+02
9.962328e+01, 1.639742e+02
9.968863e+01, 1.606154e+02
9.974776e+01, 1.572673e+02
9.980069e+01, 1.539301e+02
9.984739e+01, 1.506037e+02
9.988787e+01, 1.472881e+02
9.992213e+01, 1.439833e+02
9.995016e+01, 1.406893e+02
9.997196e+01, 1.374062e+02
9.998754e+01, 1.341337e+02
9.999688e+01, 1.308721e+02
1.000000e+02, 1.276213e+02
1.000000e+02, 1.243813e+02
1.000000e+02, 1.211521e+02
1.000000e+02, 1.179337e+02
1.000000e+02, 1.147261e+02
1.000000e+02, 1.115293e+02
1.000000e+02, 1.083433e+02
1.000000e+02, 1.051681e+02
1.000000e+02, 1.020038e+02
1.000000e+02, 9.885015e+01
1.000000e+02, 9.570735e+01
1.000000e+02, 9.257535e+01
1.000000e+02, 8.945415e+01
1.000000e+02, 8.634375e+01
1.000000e+02, 8.324415e+01
1.000000e+02, 8.015535e+01
1.000000e+02, 7.707735e+01
1.000000e+02, 7.401015e+01
1.000000e+02, 7.095375e+01
1.000000e+02, 6.790815e+01
1.000000e+02, 6.487335e+01
1.000000e+02, 6.184935e+01
1.000000e+02, 5.883615e+01
1.000000e+02, 5.583375e+01
1.000000e+02, 5.284215e+01
1.000000e+02, 4.986135e+01
1.000000e+02, 4.689135e+01
1.000000e+02, 4.393215e+01
1.000000e+02, 4.098375e+01
1.000000e+02, 3.804615e+01
1.000000e+02, 3.511935e+01
1.000000e+02, 3.220335e+01
1.000000e+02, 2.929815e+01
1.000000e+02, 2.640375e+01
1.000000e+02, 2.352015e+01
1.000000e+02, 2.064735e+01
1.000000e+02, 1.778535e+01
1.000000e+02, 1.493415e+01
1.000000e+02, 1.209375e+01
1.000000e+02, 9.264150e+00
1.000000e+02, 6.445350e+00
1.000000e+02, 3.637350e+00
1.000000e+02, 8.401500e-01
1.000000e+02, 3.580537e+02
1.000000e+02, 3.552781e+02
1.000000e+02, 3.525133e+02
1.000000e+02, 3.497593e+02
1.000000e+02, 3.470161e+02
1.000000e+02, 3.442837e+02
1.000000e+02, 3.415621e+02
1.000000e+02, 3.388513e+02
1.000000e+02, 3.361513e+02
1.000000e+02, 3.334621e+02
1.000000e+02, 3.307837e+02
1.000000e+02, 3.281161e+02
1.000000e+02, 3.254593e+02
1.000000e+02, 3.228133e+02
1.000000e+02, 3.201781e+02
1.000000e+02, 3.175537e+02
1.000000e+02, 3.149401e+02
1.000000e+02, 3.123374e+02
1.000000e+02, 3.097454e+02
1.000000e+02, 3.071642e+02
1.000000e+02, 3.045938e+02
1.000000e+02, 3.020342e+02
1.000000e+02, 2.994853e+02
1.000000e+02, 2.969473e+02
1.000000e+02, 2.944201e+02
1.000000e+02, 2.919038e+02
1.000000e+02, 2.893981e+02
1.000000e+02, 2.869033e+02
1.000000e+02, 2.844194e+02
1.000000e+02, 2.819461e+02
1.000000e+02, 2.794837e+02
1.000000e+02, 2.770322e+02
1.000000e+02, 2.745913e+02
1.000000e+02, 2.721613e+02
1.000000e+02, 2.697421e+02
1.000000e+02, 2.673337e+02
1.000000e+02, 2.649361e+02
1.000000e+02, 2.625494e+02
1.000000e+02, 2.601733e+02
1.000000e+02, 2.578082e+02
1.000000e+02, 2.554538e+02
1.000000e+02, 2.531101e+02
1.000000e+02, 2.507773e+02
1.000000e+02, 2.484553e+02
1.000000e+02, 2.461441e+02
1.000000e+02, 2.438437e+02
1.000000e+02, 2.415541e+02
1.000000e+02, 2.392753e+02
1.000000e+02, 2.370073e+02
1.000000e+02, 2.347501e+02
1.000000e+02, 2.325038e+02
1.000000e+02, 2.302681e+02
1.000000e+02, 2.280433e+02
1.000000e+02, 2.258293e+02
1.000000e+02, 2.236261e+02
1.000000e+02, 2.214338e+02
1.000000e+02, 2.192521e+02
1.000000e+02, 2.170813e+02
1.000000e+02, 2.149213e+02
1.000000e+02, 2.127722e+02
1.000000e+02, 2.106337e+02
1.000000e+02, 2.085061e+02
1.000000e+02, 2.063893e+02
1.000000e+02, 2.042833e+02
1.000000e+02, 2.021881e+02
1.000000e+02, 2.001037e+02
1.000000e+02, 1.980301e+02
1.000000e+02, 1.959673e+02
1.000000e+02, 1.939154e+02
1.000000e+02, 1.918741e+02
1.000000e+02, 1.898438e+02
1.000000e+02, 1.878241e+02
1.000000e+02, 1.858153e+02
1.000000e+02, 1.838173e+02
1.000000e+02, 1.818301e+02
1.000000e+02, 1.798537e+02
1.000000e+02, 1.778881e+02
1.000000e+02, 1.759333e+02
1.000000e+02, 1.739894e+02
1.000000e+02, 1.720562e+02
1.000000e+02, 1.701338e+02
1.000000e+02, 1.682221e+02
1.000000e+02, 1.663213e+02
1.000000e+02, 1.644313e+02
1.000000e+02, 1.625521e+02
1.000000e+02, 1.606838e+02
1.000000e+02, 1.588261e+02
1.000000e+02, 1.569794e+02
1.000000e+02, 1.551433e+02
1.000000e+02, 1.533182e+02
1.000000e+02, 1.515037e+02
1.000000e+02, 1.497001e+02
1.000000e+02, 1.479073e+02
1.000000e+02, 1.461253e+02
1.000000e+02, 1.443542e+02
1.000000e+02, 1.425938e+02
1.000000e+02, 1.408441e+02
1.000000e+02, 1.391053e+02
1.000000e+02, 1.373774e+02
1.000000e+02, 1.356602e+02
1.000000e+02, 1.339537e+02
1.000000e+02, 1.322581e+02
1.000000e+02, 1.305734e+02
1.000000e+02, 1.288993e+02
1.000000e+02, 1.272361e+02
1.000000e+02, 1.255838e+02
1.000000e+02, 1.239421e+02
1.000000e+02, 1.223114e+02
1.000000e+02, 1.206913e+02
1.000000e+02, 1.190821e+02
1.000000e+02, 1.174837e+02
1.000000e+02, 1.158961e+02
1.000000e+02, 1.143193e+02
1.000000e+02, 1.127533e+02
1.000000e+02, 1.111981e+02
1.000000e+02, 1.096538e+02
1.000000e+02, 1.081202e+02
1.000000e+02, 1.065974e+02
1.000000e+02, 1.050854e+02
1.000000e+02, 1.035842e+02
1.000000e+02, 1.020937e+02
1.000000e+02, 1.006141e+02
1.000000e+02, 9.914535e+01
1.000000e+02, 9.768735e+01
1.000000e+02, 9.624015e+01
1.000000e+02, 9.480375e+01
1.000000e+02, 9.337815e+01
1.000000e+02, 9.196335e+01
1.000000e+02, 9.055935e+01
1.000000e+02, 8.916615e+01
1.000000e+02, 8.778375e+01
1.000000e+02, 8.641215e+01
1.000000e+02, 8.505135e+01
1.000000e+02, 8.370135e+01
1.000000e+02, 8.236215e+01
1.000000e+02, 8.103375e+01
1.000000e+02, 7.971615e+01
1.000000e+02, 7.840935e+01
1.000000e+02, 7.711335e+01
1.000000e+02, 7.582815e+01
1.000000e+02, 7.455375e+01
1.000000e+02, 7.329015e+01
1.000000e+02, 7.203735e+01
1.000000e+02, 7.079535e+01
1.000000e+02, 6.956415e+01
1.000000e+02, 6.834375e+01
1.000000e+02, 6.713415e+01
1.000000e+02, 6.593535e+01
1.000000e+02, 6.474735e+01
1.000000e+02, 6.357015e+01
1.000000e+02, 6.240375e+01
1.000000e+02, 6.124815e+01
1.000000e+02, 6.010335e+01
1.000000e+02, 5.896935e+01
1.000000e+02, 5.784615e+01
1.000000e+02, 5.673375e+01
1.000000e+02, 5.563215e+01
1.000000e+02, 5.454135e+01
1.000000e+02, 5.346135e+01
1.000000e+02, 5.239215e+01
1.000000e+02, 5.133375e+01
1.000000e+02, 5.028615e+01
1.000000e+02, 4.924935e+01
1.000000e+02, 4.822335e+01
1.000000e+02, 4.720815e+01
1.000000e+02, 4.620375e+01
1.000000e+02, 4.521015e+01
1.000000e+02, 4.422735e+01
1.000000e+02, 4.325535e+01
1.000000e+02, 4.229415e+01
1.000000e+02, 4.134375e+01
1.000000e+02, 4.040415e+01
1.000000e+02, 3.947535e+01
1.000000e+02, 3.855735e+01
1.000000e+02, 3.765015e+01
1.000000e+02, 3.675375e+01
1.000000e+02, 3.586815e+01
1.000000e+02, 3.499335e+01
1.000000e+02, 3.412935e+01
1.000000e+02, 3.327615e+01
1.000000e+02, 3.243375e+01
1.000000e+02, 3.160215e+01
1.000000e+02, 3.078135e+01
1.000000e+02, 2.997135e+01
1.000000e+02, 2.917215e+01
1.000000e+02, 2.838375e+01
1.000000e+02, 2.760615e+01
1.000000e+02, 2.683935e+01
1.000000e+02, 2.608335e+01
1.000000e+02, 2.533815e+01
1.000000e+02, 2.460375e+01
1.000000e+02, 2.388015e+01
1.000000e+02, 2.316735e+01
1.000000e+02, 2.246535e+01
1.000000e+02, 2.177415e+01
1.000000e+02, 2.109375e+01
1.000000e+02, 2.042415e+01
1.000000e+02, 1.976535e+01
1.000000e+02, 1.911735e+01
1.000000e+02, 1.848015e+01
1.000000e+02, 1.785375e+01
1.000000e+02, 1.723815e+01
1.000000e+02, 1.663335e+01
1.000000e+02, 1.603935e+01
1.000000e+02, 1.545615e+01
1.000000e+02, 1.488375e+01
1.000000e+02, 1.432215e+01
1.000000e+02, 1.377135e+01
1.000000e+02, 1.323135e+01
1.000000e+02, 1.270215e+01
1.000000e+02, 1.218375e+01
1.000000e+02, 1.167615e+01
1.000000e+02, 1.117935e+01
1.000000e+02, 1.069335e+01
1.000000e+02, 1.021815e+01
1.000000e+02, 9.753750e+00
1.000000e+02, 9.300150e+00
1.000000e+02, 8.857350e+00
1.000000e+02, 8.425350e+00
1.000000e+02, 8.004150e+00
1.000000e+02, 7.593750e+00
1.000000e+02, 7.194150e+00
1.000000e+02, 6.805350e+00
1.000000e+02, 6.427350e+00
1.000000e+02, 6.060150e+00
1.000000e+02, 5.703750e+00
1.000000e+02, 5.358150e+00
1.000000e+02, 5.023350e+00
1.000000e+02, 4.699350e+00
1.000000e+02, 4.386150e+00
1.000000e+02, 4.083750e+00
1.000000e+02, 3.792150e+00
1.000000e+02, 3.511350e+00
1.000000e+02, 3.241350e+00
1.000000e+02, 2.982150e+00
1.000000e+02, 2.733750e+00
1.000000e+02, 2.496150e+00
1.000000e+02, 2.269350e+00
1.000000e+02, 2.053350e+00
1.000000e+02, 1.848150e+00
1.000000e+02, 1.653750e+00
1.000000e+02, 1.470150e+00
1.000000e+02, 1.297350e+00
1.000000e+02, 1.135350e+00
1.000000e+02, 9.841500e-01
1.000000e+02, 8.437500e-01
1.000000e+02, 7.141500e-01
1.000000e+02, 5.953500e-01
1.000000e+02, 4.873500e-01
1.000000e+02, 3.901500e-01
1.000000e+02, 3.037500e-01
1.000000e+02, 2.281500e-01
1.000000e+02, 1.633500e-01
1.000000e+02, 1.093500e-01
1.000000e+02, 6.615000e-02
1.000000e+02, 3.375000e-02
1.000000e+02, 1.215000e-02
1.000000e+02, 1.350000e-03
1.000000e+02, 1.350000e-03
1.000000e+02, 1.215000e-02
1.000000e+02, 3.375000e-02
1.000000e+02, 6.615000e-02
1.000000e+02, 1.093500e-01
1.000000e+02, 1.633500e-01
1.000000e+02, 2.281500e-01
1.000000e+02, 3.037500e-01
1.000000e+02, 3.901500e-01
1.000000e+02, 4.873500e-01
1.000000e+02, 5.953500e-01
1.000000e+02, 7.141500e-01
1.000000e+02, 8.437500e-01
1.000000e+02, 9.841500e-01
1.000000e+02, 1.135350e+00
1.000000e+02, 1.297350e+00
1.000000e+02, 1.470150e+00
1.000000e+02, 1.653750e+00
1.000000e+02, 1.848150e+00
1.000000e+02, 2.053350e+00
1.000000e+02, 2.269350e+00
1.000000e+02, 2.496150e+00
1.000000e+02, 2.733750e+00
1.000000e+02, 2.982150e+00
1.000000e+02, 3.241350e+00
1.000000e+02, 3.511350e+00
1.000000e+02, 3.792150e+00
1.000000e+02, 4.083750e+00
1.000000e+02, 4.386150e+00
1.000000e+02, 4.699350e+00
1.000000e+02, 5.023350e+00
1.000000e+02, 5.358150e+00
1.000000e+02, 5.703750e+00
1.000000e+02, 6.060150e+00
1.000000e+02, 6.427350e+00
1.000000e+02, 6.805350e+00
1.000000e+02, 7.194150e+00
1.000000e+02, 7.593750e+00
1.000000e+02, 8.004150e+00
1.000000e+02, 8.425350e+00
1.000000e+02, 8.857350e+00
1.000000e+02, 9.300150e+00
1.000000e+02, 9.753750e+00
1.000000e+02, 1.021815e+01
1.000000e+02, 1.069335e+01
1.000000e+02, 1.117935e+01
1.000000e+02, 1.167615e+01
1.000000e+02, 1.218375e+01
1.000000e+02, 1.270215e+01
1.000000e+02, 1.323135e+01
1.000000e+02, 1.377135e+01
1.000000e+02, 1.432215e+01
1.000000e+02, 1.488375e+01
1.000000e+02, 1.545615e+01
1.000000e+02, 1.603935e+01
1.000000e+02, 1.663335e+01
1.000000e+02, 1.723815e+01
1.000000e+02, 1.785375e+01
1.000000e+02, 1.848015e+01
1.000000e+02, 1.911735e+01
1.000000e+02, 1.976535e+01
1.000000e+02, 2.042415e+01
1.000000e+02, 2.109375e+01
1.000000e+02, 2.177415e+01
1.000000e+02, 2.246535e+01
1.000000e+02, 2.316735e+01
1.000000e+02, 2.388015e+01
1.000000e+02, 2.460375e+01
1.000000e+02, 2.533815e+01
1.000000e+02, 2.608335e+01
1.000000e+02, 2.683935e+01
1.000000e+02, 2.760615e+01
1.000000e+02, 2.838375e+01
1.000000e+02, 2.917215e+01
1.000000e+02, 2.997135e+01
1.000000e+02, 3.078135e+01
1.000000e+02, 3.160215e+01
1.000000e+02, 3.243375e+01
1.000000e+02, 3.327615e+01
1.000000e+02, 3.412935e+01
1.000000e+02, 3.499335e+01
1.000000e+02, 3.586815e+01
1.000000e+02, 3.675375e+01
1.000000e+02, 3.765015e+01
1.000000e+02, 3.855735e+01
1.000000e+02, 3.947535e+01
1.000000e+02, 4.040415e+01
1.000000e+02, 4.134375e+01
1.000000e+02, 4.229415e+01
1.000000e+02, 4.325535e+01
1.000000e+02, 4.422735e+01
1.000000e+02, 4.521015e+01
1.000000e+02, 4.620375e+01
1.000000e+02, 4.720815e+01
1.000000e+02, 4.822335e+01
1.000000e+02, 4.924935e+01
1.000000e+02, 5.028615e+01
1.000000e+02, 5.133375e+01
1.000000e+02, 5.239215e+01
1.000000e+02, 5.346135e+01
1.000000e+02, 5.454135e+01
1.000000e+02, 5.563215e+01
1.000000e+02, 5.673375e+01
1.000000e+02, 5.784615e+01
1.000000e+02, 5.896935e+01
1.000000e+02, 6.010335e+01
1.000000e+02, 6.124815e+01
1.000000e+02, 6.240375e+01
1.000000e+02, 6.357015e+01
1.000000e+02, 6.474735e+01
1.000000e+02, 6.593535e+01
1.000000e+02, 6.713415e+01
1.000000e+02, 6.834375e+01
1.000000e+02, 6.956415e+01
1.000000e+02, 7.079535e+01
1.000000e+02, 7.203735e+01
1.000000e+02, 7.329015e+01
1.000000e+02, 7.455375e+01
1.000000e+02, 7.582815e+01
1.000000e+02, 7.711335e+01
1.000000e+02, 7.840935e+01
1.000000e+02, 7.971615e+01
1.000000e+02, 8.103375e+01
1.000000e+02, 8.236215e+01
1.000000e+02, 8.370135e+01
1.000000e+02, 8.505135e+01
1.000000e+02, 8.641215e+01
1.000000e+02, 8.778375e+01
1.000000e+02, 8.916615e+01
1.000000e+02, 9.055935e+01
1.000000e+02, 9.196335e+01
1.000000e+02, 9.337815e+01
1.000000e+02, 9.480375e+01
1.000000e+02, 9.624015e+01
1.000000e+02, 9.768735e+01
1.000000e+02, 9.914535e+01
1.000000e+02, 1.006141e+02
1.000000e+02, 1.020937e+02
1.000000e+02, 1.035842e+02
1.000000e+02, 1.050854e+02
1.000000e+02, 1.065974e+02
1.000000e+02, 1.081202e+02
1.000000e+02, 1.096538e+02
1.000000e+02, 1.111981e+02
1.000000e+02, 1.127533e+02
1.000000e+02, 1.143193e+02
1.000000e+02, 1.158961e+02
1.000000e+02, 1.174837e+02
1.000000e+02, 1.190821e+02
1.000000e+02, 1.206913e+02
1.000000e+02, 1.223114e+02
1.000000e+02, 1.239421e+02
1.000000e+02, 1.255838e+02
1.000000e+02, 1.272361e+02
1.000000e+02, 1.288993e+02
1.000000e+02, 1.305734e+02
1.000000e+02, 1.322581e+02
1.000000e+02, 1.339537e+02
1.000000e+02, 1.356602e+02
1.000000e+02, 1.373774e+02
1.000000e+02, 1.391053e+02
1.000000e+02, 1.408441e+02
1.000000e+02, 1.425938e+02
1.000000e+02, 1.443542e+02
1.000000e+02, 1.461253e+02
1.000000e+02, 1.479073e+02
1.000000e+02, 1.497001e+02
1.000000e+02, 1.515037e+02
1.000000e+02, 1.533182e+02
1.000000e+02, 1.551433e+02
1.000000e+02, 1.569794e+02
1.000000e+02, 1.588261e+02
1.000000e+02, 1.606838e+02
1.000000e+02, 1.625521e+02
1.000000e+02, 1.644313e+02
1.000000e+02, 1.663213e+02
1.000000e+02, 1.682221e+02
1.000000e+02, 1.701338e+02
1.000000e+02, 1.720562e+02
1.000000e+02, 1.739894e+02
1.000000e+02, 1.759333e+02
1.000000e+02, 1.778881e+02
1.000000e+02, 1.798537e+02
1.000000e+02, 1.818301e+02
1.000000e+02, 1.838173e+02
1.000000e+02, 1.858153e+02
1.000000e+02, 1.878241e+02
1.000000e+02, 1.898438e+02
1.000000e+02, 1.918741e+02
1.000000e+02, 1.939154e+02
1.000000e+02, 1.959673e+02
1.000000e+02, 1.980301e+02
1.000000e+02, 2.001037e+02
1.000000e+02, 2.021881e+02
1.000000e+02, 2.042833e+02
1.000000e+02, 2.063893e+02
1.000000e+02, 2.085061e+02
1.000000e+02, 2.106337e+02
1.000000e+02, 2.127722e+02
1.000000e+02, 2.149213e+02
1.000000e+02, 2.170813e+02
1.000000e+02, 2.192521e+02
1.000000e+02, 2.214338e+02
1.000000e+02, 2.236261e+02
1.000000e+02, 2.258293e+02
1.000000e+02, 2.280433e+02
1.000000e+02, 2.302681e+02
1.000000e+02, 2.325038e+02
1.000000e+02, 2.347501e+02
1.000000e+02, 2.370073e+02
1.000000e+02, 2.392753e+02
1.000000e+02, 2.415541e+02
1.000000e+02, 2.438437e+02
1.000000e+02, 2.461441e+02
1.000000e+02, 2.484553e+02
1.000000e+02, 2.507773e+02
1.000000e+02, 2.531101e+02
1.000000e+02, 2.554538e+02
1.000000e+02, 2.578082e+02
1.000000e+02, 2.601733e+02
1.000000e+02, 2.625494e+02
1.000000e+02, 2.649361e+02
1.000000e+02, 2.673337e+02
1.000000e+02, 2.697421e+02
1.000000e+02, 2.721613e+02
1.000000e+02, 2.745913e+02
1.000000e+02, 2.770322e+02
1.000000e+02, 2.794837e+02
1.000000e+02, 2.819461e+02
1.000000e+02, 2.844194e+02
1.000000e+02, 2.869033e+02
1.000000e+02, 2.893981e+02
1.000000e+02, 2.919038e+02
1.000000e+02, 2.944201e+02
1.000000e+02, 2.969473e+02
1.000000e+02, 2.994853e+02
1.000000e+02, 3.020342e+02
1.000000e+02, 3.045938e+02
1.000000e+02, 3.071642e+02
1.000000e+02, 3.097454e+02
1.000000e+02, 3.123374e+02
1.000000e+02, 3.149401e+02
1.000000e+02, 3.175537e+02
1.000000e+02, 3.201781e+02
1.000000e+02, 3.228133e+02
1.000000e+02, 3.254593e+02
1.000000e+02, 3.281161e+02
1.000000e+02, 3.307837e+02
1.000000e+02, 3.334621e+02
1.000000e+02, 3.361513e+02
1.000000e+02, 3.388513e+02
1.000000e+02, 3.415621e+02
1.000000e+02, 3.442837e+02
1.000000e+02, 3.470161e+02
1.000000e+02, 3.497593e+02
1.000000e+02, 3.525133e+02
1.000000e+02, 3.552781e+02
1.000000e+02, 3.580537e+02
1.000000e+02, 8.401500e-01
1.000000e+02, 3.637350e+00
1.000000e+02, 6.445350e+00
1.000000e+02, 9.264150e+00
1.000000e+02, 1.209375e+01
1.000000e+02, 1.493415e+01
1.000000e+02, 1.778535e+01
1.000000e+02, 2.064735e+01
1.000000e+02, 2.352015e+01
1.000000e+02, 2.640375e+01
1.000000e+02, 2.929815e+01
1.000000e+02, 3.220335e+01
1.000000e+02, 3.511935e+01
1.000000e+02, 3.804615e+01
1.000000e+02, 4.098375e+01
1.000000e+02, 4.393215e+01
1.000000e+02, 4.689135e+01
1.000000e+02, 4.986135e+01
1.000000e+02, 5.284215e+01
1.000000e+02, 5.583375e+01
1.000000e+02, 5.883615e+01
1.000000e+02, 6.184935e+01
1.000000e+02, 6.487335e+01
1.000000e+02, 6.790815e+01
1.000000e+02, 7.095375e+01
1.000000e+02, 7.401015e+01
1.000000e+02, 7.707735e+01
1.000000e+02, 8.015535e+01
1.000000e+02, 8.324415e+01
1.000000e+02, 8.634375e+01
1.000000e+02, 8.945415e+01
1.000000e+02, 9.257535e+01
1.000000e+02, 9.570735e+01
1.000000e+02, 9.885015e+01
1.000000e+02, 1.020038e+02
1.000000e+02, 1.051681e+02
1.000000e+02, 1.083433e+02
1.000000e+02, 1.115293e+02
1.000000e+02, 1.147261e+02
1.000000e+02, 1.179337e+02
1.000000e+02, 1.211521e+02
1.000000e+02, 1.243813e+02
1.000000e+02, 1.276213e+02
9.999688e+01, 1.308721e+02
9.998754e+01, 1.341337e+02
9.997196e+01, 1.374062e+02
9.995016e+01, 1.406893e+02
9.992213e+01, 1.439833e+02
9.988787e+01, 1.472881e+02
9.984739e+01, 1.506037e+02
9.980069e+01, 1.539301e+02
9.974776e+01, 1.572673e+02
9.968863e+01, 1.606154e+02
9.962328e+01, 1.639742e+02
9.955173e+01, 1.673438e+02
9.947397e+01, 1.707241e+02
9.939002e+01, 1.741154e+02
9.929987e+01, 1.775173e+02
9.920354e+01, 1.809301e+02
9.910102e+01, 1.843537e+02
9.899233e+01, 1.877881e+02
9.887747e+01, 1.912333e+02
9.875646e+01, 1.946893e+02
9.862928e+01, 1.981562e+02
9.849597e+01, 2.016337e+02
9.835651e+01, 2.051222e+02
9.821093e+01, 2.086213e+02
9.805923e+01, 2.121313e+02
9.790142e+01, 2.156521e+02
9.773751e+01, 2.191837e+02
9.756751e+01, 2.227261e+02
9.739143e+01, 2.262794e+02
9.720928e+01, 2.298433e+02
9.702108e+01, 2.334181e+02
9.682683e+01, 2.370037e+02
9.662655e+01, 2.406001e+02
9.642025e+01, 2.442074e+02
9.620794e+01, 2.478253e+02
9.598963e+01, 2.514542e+02
9.576535e+01, 2.550937e+02
9.553510e+01, 2.587441e+02
9.529889e+01, 2.624053e+02
9.505675e+01, 2.660774e+02
9.480868e+01, 2.697602e+02
9.455471e+01, 2.734537e+02
9.429485e+01, 2.771581e+02
9.402911e+01, 2.808733e+02
9.375751e+01, 2.845993e+02
9.348008e+01, 2.883361e+02
9.319681e+01, 2.920838e+02
9.290774e+01, 2.958421e+02
9.261288e+01, 2.996114e+02
9.231226e+01, 3.033913e+02
9.200588e+01, 3.071821e+02
9.169376e+01, 3.109837e+02
9.137594e+01, 3.147962e+02
9.105242e+01, 3.186193e+02
9.072323e+01, 3.224533e+02
9.038838e+01, 3.262981e+02
9.004790e+01, 3.301537e+02
8.970182e+01, 3.340202e+02
8.935014e+01, 3.378973e+02
8.899290e+01, 3.417853e+02
8.863011e+01, 3.456842e+02
8.826180e+01, 3.495938e+02
8.788799e+01, 3.535141e+02
8.750870e+01, 3.574453e+02
8.712396e+01, 1.387350e+00
8.673380e+01, 5.340150e+00
8.633823e+01, 9.303750e+00
8.593728e+01, 1.327815e+01
8.553097e+01, 1.726335e+01
8.511934e+01, 2.125935e+01
8.470240e+01, 2.526615e+01
8.428019e+01, 2.928375e+01
8.385272e+01, 3.331215e+01
8.342003e+01, 3.735135e+01
8.298215e+01, 4.140135e+01
8.253909e+01, 4.546215e+01
8.209089e+01, 4.953375e+01
8.163757e+01, 5.361615e+01
8.117917e+01, 5.770935e+01
8.071571e+01, 6.181335e+01
8.024722e+01, 6.592815e+01
7.977373e+01, 7.005375e+01
7.929527e+01, 7.419015e+01
7.881187e+01, 7.833735e+01
7.832356e+01, 8.249535e+01
7.783037e+01, 8.666415e+01
7.733233e+01, 9.084375e+01
7.682948e+01, 9.503415e+01
7.632183e+01, 9.923535e+01
7.580943e+01, 1.034473e+02
7.529231e+01, 1.076701e+02
7.477049e+01, 1.119038e+02
7.424402e+01, 1.161481e+02
7.371292e+01, 1.204033e+02
7.317723e+01, 1.246693e+02
7.263698e+01, 1.289461e+02
7.209220e+01, 1.332337e+02
7.154293e+01, 1.375321e+02
7.098920e+01, 1.418414e+02
7.043105e+01, 1.461613e+02
6.986851e+01, 1.504922e+02
6.930162e+01, 1.548337e+02
6.873041e+01, 1.591861e+02
6.815492e+01, 1.635493e+02
6.757518e+01, 1.679233e+02
6.699124e+01, 1.723081e+02
6.640311e+01, 1.767037e+02
6.581085e+01, 1.811101e+02
6.521449e+01, 1.855274e+02
6.461407e+01, 1.899553e+02
6.400962e+01, 1.943941e+02
6.340118e+01, 1.988438e+02
6.278880e+01, 2.033041e+02
6.217250e+01, 2.077754e+02
6.155232e+01, 2.122573e+02
6.092832e+01, 2.167501e+02
6.030051e+01, 2.212537e+02
5.966895e+01, 2.257681e+02
5.903367e+01, 2.302934e+02
5.839471e+01, 2.348293e+02
5.775212e+01, 2.393761e+02
5.710592e+01, 2.439337e+02
5.645617e+01, 2.485021e+02
5.580290e+01, 2.530813e+02
5.514615e+01, 2.576713e+02
5.448597e+01, 2.622721e+02
5.382239e+01, 2.668837e+02
5.315546e+01, 2.715062e+02
5.248522e+01, 2.761393e+02
5.181170e+01, 2.807834e+02
5.113496e+01, 2.854381e+02
5.045503e+01, 2.901038e+02
4.977196e+01, 2.947801e+02
4.908579e+01, 2.994674e+02
4.839656e+01, 3.041653e+02
4.770431e+01, 3.088741e+02
4.700910e+01, 3.135937e+02
4.631095e+01, 3.183241e+02
4.560992e+01, 3.230654e+02
4.490604e+01, 3.278174e+02
4.419937e+01, 3.325802e+02
4.348994e+01, 3.373537e+02
4.277781e+01, 3.421381e+02
4.206301e+01, 3.469333e+02
4.134558e+01, 3.517394e+02
4.062559e+01, 3.565561e+02
3.990306e+01, 1.383750e+00
3.917804e+01, 6.222150e+00
3.845058e+01, 1.107135e+01
3.772073e+01, 1.593135e+01
3.698853e+01, 2.080215e+01
3.625402e+01, 2.568375e+01
3.551726e+01, 3.057615e+01
3.477828e+01, 3.547935e+01
3.403713e+01, 4.039335e+01
3.329386e+01, 4.531815e+01
3.254852e+01, 5.025375e+01
3.180115e+01, 5.520015e+01
3.105180e+01, 6.015735e+01
3.030052e+01, 6.512535e+01
2.954734e+01, 7.010415e+01
2.879233e+01, 7.509375e+01
2.803552e+01, 8.009415e+01
2.727697e+01, 8.510535e+01
2.651671e+01, 9.012735e+01
2.575481e+01, 9.516015e+01
2.499130e+01, 1.002037e+02
2.422623e+01, 1.052581e+02
2.345965e+01, 1.103233e+02
2.269161e+01, 1.153994e+02
2.192216e+01, 1.204861e+02
2.115134e+01, 1.255838e+02
2.037920e+01, 1.306921e+02
1.960579e+01, 1.358113e+02
1.883117e+01, 1.409413e+02
1.805537e+01, 1.460821e+02
1.727844e+01, 1.512337e+02
1.650044e+01, 1.563961e+02
1.572140e+01, 1.615693e+02
1.494139e+01, 1.667533e+02
1.416045e+01, 1.719481e+02
1.337863e+01, 1.771537e+02
1.259597e+01, 1.823701e+02
1.181253e+01, 1.875973e+02
1.102835e+01, 1.928353e+02
1.024348e+01, 1.980841e+02
9.457981e+00, 2.033437e+02
8.671888e+00, 2.086142e+02
7.885255e+00, 2.138954e+02
7.098130e+00, 2.191873e+02
6.310563e+00, 2.244901e+02
5.522603e+00, 2.298037e+02
4.734299e+00, 2.351282e+02
3.945700e+00, 2.404633e+02
3.156855e+00, 2.458093e+02
2.367813e+00, 2.511662e+02
1.578624e+00, 2.565338e+02
7.893367e-01, 2.619122e+02
0.000000e+00, 2.673013e+02
##END= 
