acqcycles 1 1 9.99999984307e+17 -9.99999984307e+17 0 2 1 0 1 64
1 1024 
0 
acqdim 7 1 32767 0 0 2 1 0 1 64
1 2 
0 
ACQtime 7 1 100000000 0 1 2 1 256 1 64
1 2474 
0 
arraydim 7 1 32768 1 1 2 1 5 1 64
1 1024 
0 
fn1 7 1 524288 64 -2 3 1 1 1 64
1 4096 
0 
gain 1 1 60 0 2 2 1 0 1 64
1 60 
0 
gf1 1 1 100000 0 0 3 1 1 1 64
1 0.013428486225 
0 
lb1 1 1 100000 -100000 0 3 1 1 0 64
1 -0.01480323072 
0 
lpext1 7 1 1000000 0 1 3 1 0 1 64
1 512 
0 
lpnupts1 7 1 1000000 1 1 3 1 0 1 64
1 512 
0 
ni 7 1 32767 0 0 2 1 0 1 64
1 512 
0 
nullflg 4 2 4 0 0 2 1 0 1 64
1 "n"
0 
strtext1 7 1 1000000 1 1 3 1 0 1 64
1 513 
0 
strtlp1 7 1 1000000 1 1 3 1 0 1 64
1 512 
0 
time_saved 2 2 8 0 0 4 1 0 1 64
1 "20180823T155628"
0 
wshim 4 2 4 0 0 2 1 1 1 64
1 "e"
15 "e" "f" "g" "n" "s" "0" "1" "2" "3" "4" "5" "6" "7" "8" "9" 
Gmap 2 2 8 0 0 2 1 1 1 64
1 "lk"
0 
Gmapname 2 2 8 0 0 2 1 1 1 64
1 ""
0 
REQexp 2 2 8 0 0 4 1 256 1 64
1 "wet1D PRESAT PROTON"
0 
