acqcycles 1 1 9.99999984307e+17 -9.99999984307e+17 0 2 1 0 1 64
1 512 
0 
acqdim 7 1 32767 0 0 2 1 0 1 64
1 2 
0 
ACQtime 7 1 100000000 0 1 2 1 256 1 64
1 771 
0 
arraydim 7 1 32768 1 1 2 1 5 1 64
1 512 
0 
at 1 1 14 14 14 2 1 8203 1 64
1 0.3670016 
0 
fn 7 1 524288 64 -2 3 1 1 1 64
1 8192 
0 
fn1 7 1 524288 64 -2 3 1 1 1 64
1 8192 
0 
lpext1 7 1 1000000 0 1 3 1 0 1 64
1 512 
0 
lpnupts1 7 1 1000000 1 1 3 1 0 1 64
1 512 
0 
ni 7 1 32767 0 0 2 1 0 1 64
1 512 
0 
np 7 1 524288 32 2 2 1 11 1 64
1 8192 
0 
sb 1 1 1000 -1000 0.001 3 1 0 1 64
1 -0.184 
0 
sb1 1 1 1000 -1000 0.001 3 1 1 1 64
1 -0.046 
0 
strtext1 7 1 1000000 1 1 3 1 0 1 64
1 513 
0 
strtlp1 7 1 1000000 1 1 3 1 0 1 64
1 512 
0 
time_saved 2 2 8 0 0 4 1 0 1 64
1 "20180823T155501"
0 
wexp 2 2 6 0 0 3 1 3 1 64
1 "fn1=1024 process"
0 
REQexp 2 2 8 0 0 4 1 256 1 64
1 "wet1D PRESAT PROTON"
0 
