acqcycles 1 1 9.99999984307e+17 -9.99999984307e+17 0 2 1 0 1 64
1 1024 
0 
acqdim 7 1 32767 0 0 2 1 0 1 64
1 2 
0 
acqstatus 7 1 32767 0 0 2 1 256 1 64
2 101 0 
0 
ACQtime 7 1 100000000 0 1 2 1 256 1 64
1 205 
0 
arraydelta 7 1 32767 0 0 4 1 0 1 64
1 1 
0 
arraydim 7 1 32768 1 1 2 1 5 1 64
1 1024 
0 
arraydodc 4 2 4 0 0 4 1 0 1 64
1 "n"
0 
arraydscale 4 2 4 0 0 4 1 0 1 64
1 "n"
0 
arrayflip 4 2 4 0 0 4 1 0 1 64
1 "n"
0 
arraymax 7 1 32767 0 0 4 1 0 1 64
1 2 
0 
arraystart 7 1 32767 0 0 4 1 0 1 64
1 1 
0 
arraystop 7 1 32767 0 0 4 1 0 1 64
1 1 
0 
arraywhitewash 4 2 4 0 0 4 1 0 1 64
1 "n"
0 
at 1 1 14 14 14 2 1 8203 1 64
1 0.851968 
0 
CSdensity 1 1 100 5 0 2 1 0 1 64
1 12.5 
0 
CSniIndex 7 1 32767 0 0 2 1 256 1 64
128 0 718 604 200 632 731 350 223 456 364 66 168 789 837 909 559 343 817 217 371 633 877 620 220 187 991 546 411 412 957 793 401 326 279 228 964 43 524 300 691 715 204 64 676 357 428 529 643 920 286 352 372 346 536 392 325 996 692 688 850 946 790 673 886 104 113 480 481 31 724 921 840 866 347 525 247 898 675 599 221 439 744 269 967 479 561 629 366 860 954 44 843 660 1015 307 248 834 10 927 281 769 246 827 308 871 103 403 57 855 720 630 856 758 806 130 683 578 879 303 471 774 979 13 500 917 145 494 617 
0 
CSseed 1 1 9.99999984307e+17 -9.99999984307e+17 0 2 1 0 1 64
1 -169 
0 
CStype 4 2 4 0 0 2 1 0 1 64
1 "i"
0 
d1 3 1 14 14 14 2 1 8194 1 64
1 0.4 
0 
execprocess 2 2 8 0 0 4 1 0 1 64
1 "cpprocNUS"
0 
exppath 2 2 8 0 0 2 1 0 1 64
1 "/home/dave/vnmrsys/Automation/vnmrj4_20140330_01/enterQ.macdir/loc32_004/current"
0 
fn1 7 1 524288 64 -2 3 1 1 1 64
1 2048 
0 
gain 1 1 60 0 2 2 1 0 1 64
1 50 
0 
go_id 2 2 8 0 0 2 1 7 1 64
1 "exp3.dave.app500a_1396212653_903138"
0 
go_Options 2 2 8 0 0 2 1 7 1 64
2 "au"
"wait"
0 
hfmode 4 2 4 0 0 2 1 1 1 64
1 ""
0 
lcpeak_ 7 1 32767 0 0 2 1 32768 1 64
1 0 
0 
loc_ 7 1 12 12 12 2 1 8201 1 64
1 32 
0 
lockfreq_ 5 1 160 0 1e-07 2 1 9 1 64
1 76.7065 
0 
lockgain_ 1 1 48 0 1 2 1 65552 1 64
1 32 
0 
lockphase_ 1 1 360 0 1 2 1 65552 1 64
1 187 
0 
lockpower_ 1 1 68 0 1 2 1 65552 1 64
1 23 
0 
lpext1 7 1 1000000 0 1 3 1 0 1 64
1 512 
0 
lpnupts1 7 1 1000000 1 1 3 1 0 1 64
1 512 
0 
ni 7 1 32767 0 0 2 1 0 1 64
1 1024 
0 
np 7 1 524288 32 2 2 1 11 1 64
1 16384 
0 
parstyle_ 2 2 8 0 0 4 1 0 1 64
1 "ppa"
0 
pkpick_ 2 2 8 0 0 4 1 0 1 64
1 ""
0 
probe_ 2 2 8 0 0 2 1 8 1 64
1 "OneNMR_A001"
0 
probetype_ 2 2 8 0 0 2 1 0 1 64
1 "liquids"
0 
proc1 2 2 10 0 0 3 2 1 1 64
1 "ft"
0 
proccmd 2 2 8 0 0 3 1 7 1 64
1 "wft2d('noop','noop','noop','noop','noop','noft','1','0','0','1')"
0 
refstd_ 2 2 8 0 0 2 1 65808 1 64
1 ""
0 
rfchnuclei 2 2 8 0 0 2 1 256 1 64
1 ""
0 
sampling 2 2 8 0 0 2 1 0 1 64
1 "sparse"
0 
saveglobal_ 2 2 8 0 0 3 1 0 1 64
20 "probe"
"lcpeak"
"loc"
"lockpower"
"lockgain"
"lockphase"
"lockfreq"
"z0"
"lkof"
"vloc"
"vrack"
"vzone"
"vproto"
"pkpick"
"parstyle"
"operator"
"studyid"
"systemname"
"probetype"
"refstd"
0 
sb 1 1 1000 -1000 0.001 3 1 0 1 64
1 -0.106 
0 
sb1 1 1 1000 -1000 0.001 3 1 1 1 64
1 -0.053 
0 
showarray 2 2 8 0 0 4 1 0 1 64
1 "horiz"
0 
showcontent 2 2 8 0 0 4 1 0 1 64
1 "s"
0 
shownumbers 2 2 8 0 0 4 1 0 1 64
1 "n"
0 
shownumstyle 2 2 8 0 0 4 1 0 1 64
1 "auto"
0 
shownumx 1 1 9.99999984307e+17 -9.99999984307e+17 0 4 1 0 1 64
1 0 
0 
shownumy 1 1 9.99999984307e+17 -9.99999984307e+17 0 4 1 0 1 64
1 0 
0 
sspul 4 2 4 0 0 2 1 0 1 64
1 "n"
0 
strtext1 7 1 1000000 1 1 3 1 0 1 64
1 513 
0 
strtlp1 7 1 1000000 1 1 3 1 0 1 64
1 512 
0 
studyid_ 2 2 8 0 0 2 1 0 1 64
1 "tmpstudy"
0 
systemname_ 2 2 8 0 0 2 1 0 1 64
1 "app500a-vnmrs500"
0 
time_saved 2 2 8 0 0 4 1 0 1 64
1 "20210104T150917"
0 
time_submitted_local 2 2 8 0 0 2 1 0 1 64
1 "20140330T135053X01PMSunMar"
0 
time_svfdate 2 2 8 0 0 2 1 0 1 64
1 "20140330T135053"
0 
vloc_ 2 2 8 0 0 2 1 8 1 64
1 "T1 F2"
0 
vproto_ 2 2 8 0 0 2 1 0 1 64
1 ""
0 
vrack_ 7 1 5 1 0 2 1 0 1 64
1 1 
0 
vzone_ 7 1 15 1 0 2 1 0 1 64
1 1 
0 
wexp 2 2 6 0 0 3 1 3 1 64
1 ""
0 
z0_ 1 1 19 19 19 2 1 73744 1 64
1 1799 
0 
fn 7 1 524288 64 -2 3 1 1 1 64
1 4096 
0 
REQexp 2 2 8 0 0 4 1 256 1 64
1 "wet1D PRESAT PROTON"
0 
